State,Industry,Services,Ahff
Afghanistan,22,53.9,24.1
Albania,23.7,53.6,22.7
Algeria,36.1,51.1,12.7
Andorra,11.1,88.4,0.6
Angola,46,46,8
Anguilla,14.3,82.9,2.8
Antigua and Barbuda,19.8,78.3,1.9
Argentina,26.7,65.8,7.6
Armenia,26.9,55.7,17.4
Aruba,15.4,84.2,0.5
Australia,25.7,71.8,2.5
Austria,27.7,71,1.2
Azerbaijan,51.3,42.7,6
Bahamas,12.8,86.2,1
Bahrain,39.8,59.8,0.3
Bangladesh,28.8,56.5,14.8
Barbados,15.5,83,1.6
Belarus,36.1,56,7.9
Belgium,22.2,77.2,0.7