Region,Year,Industry (% of gross value added),Services (% of gross value added),"Agriculture, hunting, forestry and fishing (% of gross value added)"
Afghanistan,1985,24.9,23.9,51.2
Afghanistan,1995,10.5,23.8,65.7
Afghanistan,2005,26,38.8,35.2
Afghanistan,2010,21.3,49.8,28.8
Afghanistan,2014,21.4,53.6,24.9
Afghanistan,2015,22.7,54.7,22.7
Afghanistan,2016,22,53.9,24.1
Albania,1985,43.1,18.3,38.7
Albania,1995,26.5,19.2,54.3
Albania,2005,28.7,49.8,21.5
Albania,2010,28.7,50.7,20.7
Albania,2014,24.6,52.5,22.9
Albania,2015,24.2,53,22.9
Albania,2016,23.7,53.6,22.7
Algeria,1985,49.8,41.9,8.4
Algeria,1995,47.9,41.7,10.4
Algeria,2005,59.7,32.3,8
Algeria,2010,51.4,40,8.6
Algeria,2014,43.9,45.4,10.7
Algeria,2015,37.2,50.7,12.1
Algeria,2016,36.1,51.1,12.7
Andorra,1985,18.3,81.2,0.5
Andorra,1995,18.8,80.7,0.5
Andorra,2005,17.3,82.3,0.4
Andorra,2010,14.6,84.8,0.5
Andorra,2014,11,88.4,0.6
Andorra,2015,10.8,88.6,0.5
Andorra,2016,11.1,88.4,0.6
Angola,1985,43.5,42.8,13.8
Angola,1995,67.4,25.2,7.4
Angola,2005,59.7,35.3,5
Angola,2010,51.2,42.7,6.1
Angola,2014,45.4,46.6,8
Angola,2015,41.3,48.9,9.8
Angola,2016,46,46,8
Anguilla,1985,16.6,77.8,5.6
Anguilla,1995,14.5,82.2,3.3
Anguilla,2005,19.3,78,2.7
Anguilla,2010,15.8,82.2,2
Anguilla,2014,15,82.7,2.2
Anguilla,2015,15.4,82.4,2.3
Anguilla,2016,14.3,82.9,2.8
Antigua and Barbuda,1985,11.4,86.4,2.2
Antigua and Barbuda,1995,14.4,83.7,1.9
Antigua and Barbuda,2005,16.3,81.7,2
Antigua and Barbuda,2010,18.2,80,1.8
Antigua and Barbuda,2014,17.8,80.4,1.8
Antigua and Barbuda,2015,18.3,79.9,1.9
Antigua and Barbuda,2016,19.8,78.3,1.9
Argentina,1985,37.7,54.9,7.4
Argentina,1995,26,68.7,5.3
Argentina,2005,33.7,57,9.3
Argentina,2010,30.1,61.4,8.5
Argentina,2014,28.9,63.1,8
Argentina,2015,28.1,65.9,6
Argentina,2016,26.7,65.8,7.6
Armenia,1995,28.4,31.3,40.3
Armenia,2005,43.8,36.3,19.9
Armenia,2010,34.7,47.4,17.8
Armenia,2014,27.8,52.2,19.9
Armenia,2015,28.2,52.9,18.9
Armenia,2016,26.9,55.7,17.4
Aruba,1985,15.9,83.5,0.5
Aruba,1995,15.6,83.9,0.5
Aruba,2005,19.6,80,0.4
Aruba,2010,15.4,84.2,0.5
Aruba,2014,15.4,84.2,0.5
Aruba,2015,15.4,84.1,0.5
Aruba,2016,15.4,84.2,0.5
Australia,1985,35.5,60,4.5
Australia,1995,28.4,67.8,3.7
Australia,2005,27.9,69.1,3
Australia,2010,28.5,69,2.5
Australia,2014,25.4,72,2.6
Australia,2015,24.3,73.1,2.6
Australia,2016,25.7,71.8,2.5
Austria,1985,34.5,61.9,3.6
Austria,1995,32.1,65.5,2.4
Austria,2005,30.5,68.1,1.4
Austria,2010,28.7,69.9,1.4
Austria,2014,28.4,70.2,1.3
Austria,2015,28.1,70.7,1.2
Austria,2016,27.7,71,1.2
Azerbaijan,1995,32.9,40.3,26.9
Azerbaijan,2005,63.2,27,9.8
Azerbaijan,2010,64,30.1,5.9
Azerbaijan,2014,57.6,36.7,5.7
Azerbaijan,2015,48.9,44.3,6.7
Azerbaijan,2016,51.3,42.7,6
Bahamas,1985,13.9,84,2.2
Bahamas,1995,10.4,87.6,2
Bahamas,2005,11.7,87.1,1.1
Bahamas,2010,12.4,86.4,1.2
Bahamas,2014,15.3,83.8,0.9
Bahamas,2015,11.2,87.8,0.9
Bahamas,2016,12.8,86.2,1
Bahrain,1985,38.9,60.2,0.8
Bahrain,1995,36.1,63.2,0.7
Bahrain,2005,42.8,56.9,0.3
Bahrain,2010,45.5,54.2,0.3
Bahrain,2014,46.9,52.8,0.3
Bahrain,2015,40.7,59,0.3
Bahrain,2016,39.8,59.8,0.3
Bangladesh,1985,21.5,42.8,35.7
Bangladesh,1995,24.6,49.1,26.4
Bangladesh,2005,27.2,52.6,20.1
Bangladesh,2010,26.1,56,17.8
Bangladesh,2014,27.6,56.3,16.1
Bangladesh,2015,27.8,57,15.3
Bangladesh,2016,28.8,56.5,14.8
Barbados,1985,23,72.5,4.5
Barbados,1995,16.6,79.9,3.5
Barbados,2005,16.9,81.3,1.8
Barbados,2010,15.5,83,1.5
Barbados,2014,15.6,82.8,1.6
Barbados,2015,15.2,83.3,1.5
Barbados,2016,15.5,83,1.6
Belarus,1995,37,46.3,16.7
Belarus,2005,43.1,47.2,9.7
Belarus,2010,40.3,49.5,10.1
Belarus,2014,40.1,51.7,8.3
Belarus,2015,37.7,55.1,7.2
Belarus,2016,36.1,56,7.9
Belgium,1985,31.4,66,2.6
Belgium,1995,29,69.6,1.4
Belgium,2005,25.1,74,0.9
Belgium,2010,23.2,76,0.9
Belgium,2014,22,77.3,0.7
Belgium,2015,22.2,77.1,0.8
Belgium,2016,22.2,77.2,0.7
Belize,1985,24.3,55.9,19.8
Belize,1995,23.5,56.8,19.8
Belize,2005,16.5,68.8,14.7
Belize,2010,20.7,66.7,12.6
Belize,2014,18,67,15
Belize,2015,16.2,69.5,14.3
Belize,2016,18,71.1,10.9
Benin,1985,15.5,52,32.4
Benin,1995,32.5,43.8,23.7
Benin,2005,30.3,42.5,27.1
Benin,2010,24.7,49.9,25.4
Benin,2014,22.7,54.3,23
Benin,2015,24.5,52.9,22.7
Benin,2016,24.1,52.9,23
Bermuda,1985,10.4,88.9,0.8
Bermuda,1995,10.4,88.8,0.8
Bermuda,2005,9.7,89.5,0.8
Bermuda,2010,7.1,92.2,0.7
Bermuda,2014,5.2,94.2,0.6
Bermuda,2015,5.4,93.9,0.7
Bermuda,2016,5.6,93.6,0.8
Bhutan,1985,21.4,36.4,42.3
Bhutan,1995,33.5,33.3,33.2
Bhutan,2005,37.3,39.5,23.2
Bhutan,2010,44.6,37.9,17.5
Bhutan,2014,42.9,39.4,17.7
Bhutan,2015,43.2,39.4,17.4
Bhutan,2016,43.5,39.2,17.3
Bolivia (Plurin. State of),1985,28.5,42.8,28.7
Bolivia (Plurin. State of),1995,32.1,51.5,16.4
Bolivia (Plurin. State of),2005,30.9,55.2,13.9
Bolivia (Plurin. State of),2010,35.8,51.8,12.4
Bolivia (Plurin. State of),2014,35,52.6,12.4
Bolivia (Plurin. State of),2015,31,56.5,12.6
Bolivia (Plurin. State of),2016,29.3,57.7,12.9
Bosnia and Herzegovina,1995,31.8,46.2,22
Bosnia and Herzegovina,2005,25.3,64.9,9.8
Bosnia and Herzegovina,2010,26.4,65.6,8
Bosnia and Herzegovina,2014,26,67,7
Bosnia and Herzegovina,2015,26.5,66.2,7.3
Bosnia and Herzegovina,2016,27.2,65.3,7.5
Botswana,1985,54.3,38.3,7.4
Botswana,1995,46.5,48.6,4.9
Botswana,2005,47.6,50.3,2
Botswana,2010,35.7,61.6,2.8
Botswana,2014,36.4,61.3,2.3
Botswana,2015,33.1,64.4,2.4
Botswana,2016,34.7,63.1,2.2
Brazil,1985,42.3,46.6,11.1
Brazil,1995,26,68.5,5.5
Brazil,2005,28.5,66,5.5
Brazil,2010,27.4,67.8,4.8
Brazil,2014,23.8,71.2,5
Brazil,2015,22.3,72.7,5
Brazil,2016,24.8,70.1,5.1
British Virgin Islands,1985,4.9,94.5,0.7
British Virgin Islands,1995,7,92.7,0.3
British Virgin Islands,2005,6.1,93.7,0.2
British Virgin Islands,2010,5.3,94.5,0.2
British Virgin Islands,2014,6.7,93.1,0.2
British Virgin Islands,2015,6.4,93.5,0.2
British Virgin Islands,2016,6.5,93.3,0.2
Brunei Darussalam,1985,78.5,21.1,0.4
Brunei Darussalam,1995,53.4,45.5,1.1
Brunei Darussalam,2005,72,27.1,0.9
Brunei Darussalam,2010,67.4,31.9,0.7
Brunei Darussalam,2014,66.8,32.3,0.8
Brunei Darussalam,2015,60.2,38.7,1.1
Brunei Darussalam,2016,56.5,42.4,1.2
Bulgaria,1985,53.9,33,13
Bulgaria,1995,25.6,61,13.4
Bulgaria,2005,28.4,63,8.6
Bulgaria,2010,27.4,67.8,4.8
Bulgaria,2014,27.1,67.6,5.3
Bulgaria,2015,27.9,67.3,4.8
Bulgaria,2016,28.3,67,4.7
Burkina Faso,1985,19.8,45.4,34.9
Burkina Faso,1995,24.8,40.9,34.3
Burkina Faso,2005,17.7,43.8,38.5
Burkina Faso,2010,20.2,44.7,35.1
Burkina Faso,2014,21.6,44.1,34.3
Burkina Faso,2015,20.8,46,33.2
Burkina Faso,2016,25.7,44,30.3
Burundi,1985,16.9,27.2,55.8
Burundi,1995,19.2,32.6,48.2
Burundi,2005,17.8,39.1,43
Burundi,2010,16.3,43,40.7
Burundi,2014,16.7,45.7,37.7
Burundi,2015,14.4,46.5,39
Burundi,2016,15.2,47.1,37.7
Cabo Verde,1985,25.4,57.3,17.3
Cabo Verde,1995,30,54.4,15.6
Cabo Verde,2005,22.8,65.5,11.7
Cabo Verde,2010,20.8,70.1,9.2
Cabo Verde,2014,21.3,69.6,9.1
Cabo Verde,2015,20.5,69.9,9.7
Cabo Verde,2016,19.9,70.6,9.4
Cambodia,1985,13.6,39.4,47
Cambodia,1995,12.9,35.7,51.4
Cambodia,2005,26.4,41.2,32.4
Cambodia,2010,23.3,40.7,36
Cambodia,2014,27.2,42.2,30.7
Cambodia,2015,29.4,42.3,28.2
Cambodia,2016,31.3,42.4,26.3
Cameroon,1985,26.6,57.6,15.8
Cameroon,1995,28.6,53.8,17.5
Cameroon,2005,30.3,54.6,15.2
Cameroon,2010,29.1,55.8,15.1
Cameroon,2014,29.1,55.6,15.3
Cameroon,2015,27.4,56.6,16.1
Cameroon,2016,26.6,56.7,16.7
Canada,1985,35.1,61.4,3.5
Canada,1995,30.7,66.4,2.9
Canada,2005,32.4,65.8,1.8
Canada,2010,28.6,70,1.4
Canada,2014,28.7,69.7,1.5
Canada,2015,28.6,69.7,1.7
Canada,2016,28.5,69.8,1.7
Cayman Islands,1985,9.8,89.9,0.3
Cayman Islands,1995,9.2,90.5,0.2
Cayman Islands,2005,9.1,90.6,0.2
Cayman Islands,2010,7.7,92,0.3
Cayman Islands,2014,7.4,92.3,0.3
Cayman Islands,2015,7.5,92.2,0.4
Cayman Islands,2016,7.5,92.2,0.3
Central African Republic,1985,22.2,42.1,35.7
Central African Republic,1995,26.9,37,36.1
Central African Republic,2005,18.6,36.5,45
Central African Republic,2010,24,34.8,41.2
Central African Republic,2014,27.4,41.9,30.8
Central African Republic,2015,26,42.6,31.4
Central African Republic,2016,25.5,42.6,31.9
Chad,1985,14.9,53.4,31.7
Chad,1995,15,57.3,27.7
Chad,2005,35.1,38.9,26
Chad,2010,36.7,27.4,35.9
Chad,2014,32.4,39.1,28.5
Chad,2015,31.7,38.8,29.5
Chad,2016,32.6,39.9,27.5
Chile,1985,36.1,57.8,6
Chile,1995,40.1,53.9,6
Chile,2005,39.1,56.3,4.6
Chile,2010,38.8,57.3,3.9
Chile,2014,33.7,62,4.3
Chile,2015,32.4,63.3,4.3
Chile,2016,31.3,64.4,4.3
China,1985,42.8,29,28.2
China,1995,46.9,33.3,19.8
China,2005,47.2,40.9,12
China,2010,46.6,43.6,9.8
China,2014,43.3,47.4,9.3
China,2015,41.1,49.8,9.1
China,2016,40,51.2,8.9
"China, Hong Kong SAR",1985,26.8,72.6,0.6
"China, Hong Kong SAR",1995,14.1,85.7,0.2
"China, Hong Kong SAR",2005,8.7,91.3,0.1
"China, Hong Kong SAR",2010,7,93,0.1
"China, Hong Kong SAR",2014,7.2,92.7,0.1
"China, Hong Kong SAR",2015,7.3,92.7,0.1
"China, Hong Kong SAR",2016,7.2,92.7,0.1
"China, Macao SAR",1985,24.7,75.3,<function mean at 0x10caa21b8>
"China, Macao SAR",1995,14.5,85.5,<function mean at 0x10caa21b8>
"China, Macao SAR",2005,14.9,85.1,<function mean at 0x10caa21b8>
"China, Macao SAR",2010,7.4,92.6,<function mean at 0x10caa21b8>
"China, Macao SAR",2014,7.5,92.5,<function mean at 0x10caa21b8>
"China, Macao SAR",2015,10.5,89.5,<function mean at 0x10caa21b8>
"China, Macao SAR",2016,8,92,<function mean at 0x10caa21b8>
Colombia,1985,31.2,56.5,12.3
Colombia,1995,30,60.7,9.3
Colombia,2005,32.8,58.8,8.4
Colombia,2010,35,57.9,7.1
Colombia,2014,35.7,58.1,6.2
Colombia,2015,33.4,59.9,6.6
Colombia,2016,32.6,60.3,7.1
Comoros,1985,17.5,56,26.5
Comoros,1995,11.7,56.3,31.9
Comoros,2005,10.9,51.8,37.3
Comoros,2010,8.3,50.3,41.4
Comoros,2014,10.1,45.4,44.5
Comoros,2015,11.6,45.9,42.4
Comoros,2016,11.8,46.2,42
Congo,1985,54.9,37.5,7.6
Congo,1995,46.9,42.2,10.9
Congo,2005,73.4,22,4.6
Congo,2010,78.1,18.2,3.7
Congo,2014,70.9,24,5.1
Congo,2015,56.4,35.9,7.7
Congo,2016,51.9,38.8,9.3
Cook Islands,1985,8.8,84.5,6.8
Cook Islands,1995,7.8,84.8,7.4
Cook Islands,2005,9.6,83.5,6.9
Cook Islands,2010,8.5,86.6,4.9
Cook Islands,2014,7.5,83.5,9
Cook Islands,2015,9,82.7,8.3
Cook Islands,2016,8.1,84,7.9
Costa Rica,1985,33.5,52.1,14.4
Costa Rica,1995,29.2,56.8,14
Costa Rica,2005,26.9,63.6,9.6
Costa Rica,2010,25.4,67.4,7.2
Costa Rica,2014,22.1,72.3,5.6
Costa Rica,2015,22.1,72.5,5.4
Costa Rica,2016,21.5,73,5.5
Croatia,1995,32.3,60.5,7.2
Croatia,2005,29,66,5
Croatia,2010,26.9,68.2,4.8
Croatia,2014,26.5,69.3,4.1
Croatia,2015,26.4,69.4,4.2
Croatia,2016,26.4,69.6,4.1
Cuba,1985,20.7,69.9,9.5
Cuba,1995,25.9,67.7,6.4
Cuba,2005,21.8,73.8,4.4
Cuba,2010,23.1,73.2,3.7
Cuba,2014,22.4,73.6,4
Cuba,2015,22.6,73.5,3.9
Cuba,2016,22.9,73.2,3.9
Curaçao,2005,16.4,83,0.6
Curaçao,2010,16,83.5,0.5
Curaçao,2014,19.9,79.7,0.4
Curaçao,2015,19.8,79.7,0.5
Curaçao,2016,19.8,79.8,0.4
Cyprus,1985,27,65.4,7.6
Cyprus,1995,22,72.8,5.2
Cyprus,2005,20.5,76.4,3.1
Cyprus,2010,16.7,80.9,2.4
Cyprus,2014,10.7,87.2,2.1
Cyprus,2015,11.1,86.8,2.1
Cyprus,2016,11.4,86.5,2.1
Czechia,1995,38.9,56.7,4.4
Czechia,2005,37.7,59.8,2.4
Czechia,2010,36.8,61.5,1.7
Czechia,2014,37.9,59.4,2.7
Czechia,2015,37.8,59.7,2.5
Czechia,2016,37.6,59.9,2.5
C™te dÕIvoire,1985,20.5,51.4,28.1
C™te dÕIvoire,1995,22.3,51.1,26.6
C™te dÕIvoire,2005,24.5,51.3,24.3
C™te dÕIvoire,2010,23.8,50.2,26
C™te dÕIvoire,2014,29.8,47.3,22.9
C™te dÕIvoire,2015,31.8,45.7,22.5
C™te dÕIvoire,2016,32.8,46.3,20.8
Dem. People's Rep. Korea,1985,48.5,23.2,28.3
Dem. People's Rep. Korea,1995,42,30.3,27.6
Dem. People's Rep. Korea,2005,42.8,32.2,25
Dem. People's Rep. Korea,2010,48.2,31,20.8
Dem. People's Rep. Korea,2014,46.9,31.3,21.8
Dem. People's Rep. Korea,2015,46.2,32.2,21.6
Dem. People's Rep. Korea,2016,47.2,31.1,21.7
Dem. Rep. of the Congo,1985,31,37.1,31.8
Dem. Rep. of the Congo,1995,17,26,57
Dem. Rep. of the Congo,2005,32.9,44.9,22.3
Dem. Rep. of the Congo,2010,40.5,37,22.4
Dem. Rep. of the Congo,2014,46.1,34,19.9
Dem. Rep. of the Congo,2015,44.8,35.5,19.7
Dem. Rep. of the Congo,2016,43.1,36.2,20.6
Denmark,1985,26.5,68.6,4.9
Denmark,1995,25.5,71.2,3.3
Denmark,2005,26.2,72.5,1.3
Denmark,2010,22.8,75.8,1.4
Denmark,2014,22.8,75.6,1.6
Denmark,2015,22.7,76.4,0.9
Denmark,2016,23.5,75.6,0.9
Djibouti,1985,21.2,75.7,3.1
Djibouti,1995,15.4,81.3,3.2
Djibouti,2005,16.2,80.2,3.6
Djibouti,2010,19,77.4,3.6
Djibouti,2014,22.7,74,3.2
Djibouti,2015,21.4,75.3,3.3
Djibouti,2016,21.8,74.9,3.3
Dominica,1985,13.7,63.6,22.7
Dominica,1995,16,70.3,13.7
Dominica,2005,15,71.9,13.2
Dominica,2010,14.4,71.8,13.8
Dominica,2014,14.7,70.4,14.9
Dominica,2015,13.4,70.7,15.9
Dominica,2016,13.6,68.4,18
Dominican Republic,1985,41.9,44.7,13.4
Dominican Republic,1995,35.1,54.3,10.7
Dominican Republic,2005,32.5,59.8,7.7
Dominican Republic,2010,30,63.6,6.4
Dominican Republic,2014,31,63.5,5.4
Dominican Republic,2015,29.8,64.4,5.8
Dominican Republic,2016,28.5,65.5,6.1
Ecuador,1985,30.7,49.7,19.6
Ecuador,1995,28,49.4,22.6
Ecuador,2005,33.4,56.6,10
Ecuador,2010,36.3,53.5,10.2
Ecuador,2014,38.6,51.9,9.5
Ecuador,2015,34.1,55.8,10.1
Ecuador,2016,37.3,53.1,9.6
Egypt,1985,31.8,49.9,18.4
Egypt,1995,32.7,50.9,16.8
Egypt,2005,36.9,48.8,14.4
Egypt,2010,37.5,48.5,14
Egypt,2014,39,49.9,11.1
Egypt,2015,36.2,52.5,11.3
Egypt,2016,32.9,55.2,11.9
El Salvador,1985,21.9,59.9,18.2
El Salvador,1995,28.7,57.3,14
El Salvador,2005,28.7,61.1,10.2
El Salvador,2010,25.9,62.1,12.1
El Salvador,2014,25.7,63.4,10.8
El Salvador,2015,25.6,63.7,10.7
El Salvador,2016,25.5,63.9,10.6
Equatorial Guinea,1985,20.6,64.9,14.5
Equatorial Guinea,1995,35.8,51.6,12.5
Equatorial Guinea,2005,81.3,17.2,1.5
Equatorial Guinea,2010,74.3,24.6,1.1
Equatorial Guinea,2014,69.8,28.9,1.3
Equatorial Guinea,2015,57.1,40.9,2
Equatorial Guinea,2016,50,47.5,2.5
Eritrea,1995,16.8,62.3,20.9
Eritrea,2005,21.9,53.9,24.2
Eritrea,2010,23.1,57.8,19.1
Eritrea,2014,23.6,59.2,17.2
Eritrea,2015,23.5,59.3,17.2
Eritrea,2016,23.5,59.1,17.3
Estonia,1995,31.9,62.4,5.7
Estonia,2005,29.8,66.7,3.5
Estonia,2010,28,68.8,3.2
Estonia,2014,28.6,67.9,3.5
Estonia,2015,27.8,69.1,3.1
Estonia,2016,26.9,70.5,2.6
Eswatini,1985,24.8,60.7,14.5
Eswatini,1995,41.2,51,7.9
Eswatini,2005,40.8,47.9,11.3
Eswatini,2010,38.7,50.9,10.4
Eswatini,2014,36.7,53.6,9.7
Eswatini,2015,36.3,53.5,10.2
Eswatini,2016,36.9,53.1,10
Ethiopia,1995,9.8,35.1,55
Ethiopia,2005,13.1,41.7,45.2
Ethiopia,2010,10.4,44.3,45.3
Ethiopia,2014,14.5,44,41.5
Ethiopia,2015,17.5,43.7,38.8
Ethiopia,2016,21,42.2,36.8
Fiji,1985,16.1,67.5,16.4
Fiji,1995,17.8,65.8,16.4
Fiji,2005,17.9,69.2,12.8
Fiji,2010,19.9,69.9,10.2
Fiji,2014,18.1,70.1,11.8
Fiji,2015,17.9,70.7,11.3
Fiji,2016,17.5,68.9,13.6
Finland,1985,35.1,57.1,7.8
Finland,1995,33.7,62,4.3
Finland,2005,33.5,63.8,2.6
Finland,2010,30,67.3,2.7
Finland,2014,26.8,70.4,2.8
Finland,2015,27,70.4,2.5
Finland,2016,27.1,70.2,2.7
France,1985,28.4,67.9,3.8
France,1995,24.5,72.7,2.7
France,2005,21.5,76.6,1.9
France,2010,19.6,78.6,1.8
France,2014,19.6,78.6,1.7
France,2015,19.6,78.6,1.8
France,2016,19.6,78.8,1.6
French Polynesia,1985,21,74.3,4.7
French Polynesia,1995,12.5,82.3,5.2
French Polynesia,2005,12.7,83.9,3.4
French Polynesia,2010,12.3,85.2,2.5
French Polynesia,2014,11.8,85.2,3
French Polynesia,2015,11.8,85.1,3.1
French Polynesia,2016,11.8,85.1,3.1
Gabon,1985,58.5,36.5,5
Gabon,1995,54.5,38.2,7.3
Gabon,2005,62.6,32.2,5.2
Gabon,2010,55.6,39.8,4.6
Gabon,2014,50.9,45.2,3.9
Gabon,2015,46.3,49.1,4.6
Gabon,2016,50.8,45.2,4.1
Gambia,1985,10.7,66,23.3
Gambia,1995,15.1,68.4,21.6
Gambia,2005,14.9,56.5,28.6
Gambia,2010,13.1,56.2,30.7
Gambia,2014,14.5,65.2,20.3
Gambia,2015,14.8,64.7,20.5
Gambia,2016,13.8,65.6,20.6
Georgia,1995,14.3,41.3,44.4
Georgia,2005,26.5,57,16.5
Georgia,2010,22,69.8,8.3
Georgia,2014,23.6,67.3,9.1
Georgia,2015,24.2,66.8,9
Georgia,2016,24.9,66,9.1
Germany,1985,39.4,59,1.6
Germany,1995,38.7,60,1.2
Germany,2005,34.8,64.3,0.9
Germany,2010,35.8,63.4,0.9
Germany,2014,35.8,63.3,0.9
Germany,2015,35.9,63.4,0.7
Germany,2016,35.9,63.4,0.7
Ghana,1985,15.8,46.4,37.8
Ghana,1995,20.9,45.1,34
Ghana,2005,20.3,47.9,31.8
Ghana,2010,19.1,51.1,29.8
Ghana,2014,26.6,51.9,21.5
Ghana,2015,25.1,54.6,20.3
Ghana,2016,24.2,56.9,18.9
Greece,1985,27,62.7,10.2
Greece,1995,21.6,70.3,8.1
Greece,2005,19.8,75.4,4.8
Greece,2010,15.7,81.1,3.3
Greece,2014,16,80.1,3.8
Greece,2015,15.6,80.1,4.2
Greece,2016,16.3,79.7,4
Greenland,1985,14.7,74.8,10.5
Greenland,1995,14.7,74.7,10.5
Greenland,2005,15.2,74.2,10.6
Greenland,2010,17.5,74.3,8.3
Greenland,2014,14.2,72.1,13.7
Greenland,2015,15.7,71.4,12.9
Greenland,2016,15.2,72,12.8
Grenada,1985,16.3,67.7,16.1
Grenada,1995,18.6,71.9,9.5
Grenada,2005,26.1,70.5,3.4
Grenada,2010,16.8,78.1,5.2
Grenada,2014,14.7,78.3,7
Grenada,2015,14.6,76.6,8.8
Grenada,2016,15.1,77.6,7.3
Guatemala,1985,20.7,52.2,27.2
Guatemala,1995,20.7,53.9,25.4
Guatemala,2005,28.6,58.3,13.1
Guatemala,2010,28,60.6,11.4
Guatemala,2014,28.1,60.9,11
Guatemala,2015,27.2,62,10.8
Guatemala,2016,26.7,62.6,10.7
Guinea,1985,31.9,49.9,18.3
Guinea,1995,27.2,47.1,25.7
Guinea,2005,34.9,50.3,14.9
Guinea,2010,34.3,47.1,18.6
Guinea,2014,32.3,48.7,19
Guinea,2015,28.3,51.2,20.4
Guinea,2016,36.9,42.9,20.2
Guinea-Bissau,1985,15.6,37.9,46.5
Guinea-Bissau,1995,12.2,32.7,55.1
Guinea-Bissau,2005,14.7,39.9,45.4
Guinea-Bissau,2010,13.5,40.3,46.2
Guinea-Bissau,2014,15.1,42.1,42.7
Guinea-Bissau,2015,14.5,40.5,45
Guinea-Bissau,2016,14.7,41.1,44.2
Guyana,1985,31.6,48.4,20
Guyana,1995,33.3,29.6,37.1
Guyana,2005,28.7,45.6,25.7
Guyana,2010,34.5,47.9,17.6
Guyana,2014,32.9,49.2,17.9
Guyana,2015,32.9,48.2,18.9
Guyana,2016,40.3,45.1,14.6
Haiti,1985,24.7,42,33.3
Haiti,1995,31.4,44.3,24.3
Haiti,2005,32.9,44.8,22.4
Haiti,2010,33.7,45.4,21
Haiti,2014,37.7,44.7,17.6
Haiti,2015,38.2,45.4,16.4
Haiti,2016,38,45.3,16.7
Honduras,1985,23.8,55.8,20.4
Honduras,1995,29.9,49.7,20.4
Honduras,2005,27.6,59.3,13.1
Honduras,2010,26.2,62,11.9
Honduras,2014,25.2,61.9,12.9
Honduras,2015,26.3,60.9,12.8
Honduras,2016,26.6,60.7,12.7
Hungary,1985,42.8,41.3,16
Hungary,1995,30.4,61.3,8.4
Hungary,2005,31.3,64.5,4.3
Hungary,2010,29.9,66.6,3.5
Hungary,2014,30.6,64.7,4.7
Hungary,2015,31.7,63.9,4.4
Hungary,2016,30.5,65.1,4.4
Iceland,1985,34.2,54.5,11.3
Iceland,1995,28.4,60.6,11
Iceland,2005,24.7,69.6,5.7
Iceland,2010,24.7,68,7.4
Iceland,2014,23.1,70.9,6.1
Iceland,2015,22.6,71.2,6.2
Iceland,2016,22.4,72,5.7
India,1985,31,36.3,32.7
India,1995,32.8,39.6,27.6
India,2005,33.6,46.9,19.5
India,2010,32.5,48.7,18.9
India,2014,30.2,51.8,18
India,2015,29.6,52.9,17.5
India,2016,28.8,53.8,17.4
Indonesia,1985,33.1,47.1,19.8
Indonesia,1995,38.3,47.6,14.2
Indonesia,2005,43.1,44.8,12.1
Indonesia,2010,43.9,41.8,14.3
Indonesia,2014,43,43.3,13.7
Indonesia,2015,41.3,44.7,13.9
Indonesia,2016,40.8,45.3,14
Iran (Islamic Republic of),1985,31.4,55.4,13.1
Iran (Islamic Republic of),1995,38.7,48.9,12.4
Iran (Islamic Republic of),2005,47.7,46.1,6.2
Iran (Islamic Republic of),2010,43.4,50.2,6.4
Iran (Islamic Republic of),2014,39.9,50.3,9.9
Iran (Islamic Republic of),2015,33.2,56.3,10.6
Iran (Islamic Republic of),2016,34.3,55.9,9.8
Iraq,1985,42.2,43.9,13.9
Iraq,1995,66,21.7,12.3
Iraq,2005,63.3,29.9,6.9
Iraq,2010,55.4,39.4,5.1
Iraq,2014,55.1,40,4.9
Iraq,2015,43.3,52.8,3.9
Iraq,2016,39.8,56.1,4.1
Ireland,1985,30.6,60,9.4
Ireland,1995,32.1,61.5,6.4
Ireland,2005,34.4,64.5,1.2
Ireland,2010,26.1,72.9,1.1
Ireland,2014,27.5,71,1.4
Ireland,2015,41.4,57.7,1
Ireland,2016,39.3,59.7,1
Israel,1985,26.9,68.8,4.2
Israel,1995,26.2,71.9,2
Israel,2005,23,75.2,1.8
Israel,2010,22.9,75.4,1.7
Israel,2014,22,76.7,1.3
Israel,2015,21,77.7,1.3
Israel,2016,20.8,77.9,1.3
Italy,1985,33,62.4,4.6
Italy,1995,29.1,67.6,3.3
Italy,2005,25.8,71.9,2.2
Italy,2010,24.4,73.7,2
Italy,2014,23.4,74.5,2.2
Italy,2015,23.5,74.2,2.2
Italy,2016,23.9,74,2.1
Jamaica,1985,28.4,66.2,5.4
Jamaica,1995,29.4,61.4,9.2
Jamaica,2005,23.9,70.4,5.7
Jamaica,2010,20,74.1,5.9
Jamaica,2014,20.8,72.4,6.8
Jamaica,2015,21.9,70.9,7.2
Jamaica,2016,21.9,70.5,7.6
Japan,1985,39.5,57.5,2.9
Japan,1995,34.7,63.6,1.7
Japan,2005,30.1,68.8,1.1
Japan,2010,28.5,70.4,1.1
Japan,2014,27.9,71,1.1
Japan,2015,28.9,70,1.1
Japan,2016,28,71,1.1
Jordan,1985,26.5,68.5,5
Jordan,1995,27.5,68.3,4.3
Jordan,2005,26.9,70.1,3
Jordan,2010,28.7,68.1,3.2
Jordan,2014,27.8,68.6,3.6
Jordan,2015,28.1,68,4
Jordan,2016,27.4,68.6,4.1
Kazakhstan,1995,30.2,56.9,12.9
Kazakhstan,2005,39.2,54.2,6.6
Kazakhstan,2010,41.9,53.4,4.7
Kazakhstan,2014,35.9,59.4,4.7
Kazakhstan,2015,32.5,62.5,5
Kazakhstan,2016,33.6,61.5,4.9
Kenya,1985,25.2,46.1,28.7
Kenya,1995,20.9,51.5,27.6
Kenya,2005,22.3,54.5,23.2
Kenya,2010,20.3,52.6,27.1
Kenya,2014,18.8,51.7,29.6
Kenya,2015,18.6,49.1,32.4
Kenya,2016,18.5,47,34.5
Kiribati,1985,9.4,46.6,44
Kiribati,1995,9.1,64,26.9
Kiribati,2005,9.3,68.9,21.8
Kiribati,2010,10.3,65.1,24.6
Kiribati,2014,14.5,61.5,24
Kiribati,2015,14.4,63,22.6
Kiribati,2016,14.2,62.4,23.5
Kosovo,1995,32.6,60.2,7.2
Kosovo,2005,26.6,56.3,17.1
Kosovo,2010,28.4,55.4,16.2
Kosovo,2014,26.7,59,14.3
Kosovo,2015,29.1,58.2,12.6
Kosovo,2016,29.6,57.4,13
Kuwait,1985,56.4,43,0.6
Kuwait,1995,52.8,46.7,0.4
Kuwait,2005,60.2,39.5,0.3
Kuwait,2010,58.2,41.4,0.4
Kuwait,2014,62.3,37.3,0.4
Kuwait,2015,48.7,50.7,0.6
Kuwait,2016,58.8,40.8,0.4
Kyrgyzstan,1995,21.8,35.1,43.1
Kyrgyzstan,2005,22.1,46.6,31.3
Kyrgyzstan,2010,28.2,53,18.8
Kyrgyzstan,2014,26.8,56.7,16.5
Kyrgyzstan,2015,27.5,57.1,15.4
Kyrgyzstan,2016,28.3,57.3,14.4
Lao People's Dem. Rep.,1985,16.2,44.7,39.1
Lao People's Dem. Rep.,1995,15.7,41.5,42.8
Lao People's Dem. Rep.,2005,26.2,44.7,29.1
Lao People's Dem. Rep.,2010,30.9,45.5,23.6
Lao People's Dem. Rep.,2014,31.7,48.6,19.7
Lao People's Dem. Rep.,2015,31,49.4,19.7
Lao People's Dem. Rep.,2016,32.5,48,19.5
Latvia,1995,30.3,60.8,8.9
Latvia,2005,22.9,72.8,4.3
Latvia,2010,23.4,72.2,4.4
Latvia,2014,22.4,73.8,3.8
Latvia,2015,22.3,73.6,4.1
Latvia,2016,21.5,74.5,4
Lebanon,1985,23.5,72.8,3.7
Lebanon,1995,32.3,62,5.7
Lebanon,2005,16.7,79.3,4
Lebanon,2010,15.7,80.1,4.3
Lebanon,2014,18.6,77.1,4.3
Lebanon,2015,16.7,79.5,3.8
Lebanon,2016,11.2,85.9,2.9
Lesotho,1985,15.7,67.6,16.7
Lesotho,1995,32.4,58.4,9.2
Lesotho,2005,37.7,56.1,6.2
Lesotho,2010,32.8,61.7,5.6
Lesotho,2014,33.3,60.9,5.8
Lesotho,2015,32.9,61.7,5.3
Lesotho,2016,32.3,61.8,5.8
Liberia,1985,24.7,39.4,35.9
Liberia,1995,5.2,14.3,80.5
Liberia,2005,9.8,21.5,68.8
Liberia,2010,11.4,18,70.7
Liberia,2014,11.4,17.9,70.7
Liberia,2015,11.4,17.9,70.8
Liberia,2016,8.7,18.4,72.9
Libya,1985,58.8,37.7,3.5
Libya,1995,40.3,53,6.7
Libya,2005,75.7,22.2,2.2
Libya,2010,74,23.5,2.5
Libya,2014,67.1,32,0.9
Libya,2015,67.1,32,0.9
Libya,2016,67.1,32,0.9
Liechtenstein,1985,32.5,65,2.5
Liechtenstein,1995,30.1,68.4,1.6
Liechtenstein,2005,38.6,56.1,5.2
Liechtenstein,2010,39,55.9,5.2
Liechtenstein,2014,41,54.2,4.8
Liechtenstein,2015,38.9,56.3,4.9
Liechtenstein,2016,40.2,55,4.8
Lithuania,1995,31.5,57.4,11.1
Lithuania,2005,32.7,62.5,4.8
Lithuania,2010,29.1,67.6,3.3
Lithuania,2014,30.4,65.8,3.8
Lithuania,2015,29.7,66.5,3.8
Lithuania,2016,28.7,68,3.3
Luxembourg,1985,28.1,70,2
Luxembourg,1995,21.2,77.8,1
Luxembourg,2005,16.5,83.1,0.4
Luxembourg,2010,12.7,87,0.3
Luxembourg,2014,12.7,87,0.3
Luxembourg,2015,12.5,87.2,0.3
Luxembourg,2016,12.9,86.8,0.3
Madagascar,1985,10.6,50.4,39
Madagascar,1995,11.3,51.1,37.6
Madagascar,2005,14.1,53.5,32.4
Madagascar,2010,18.8,52.8,28.4
Madagascar,2014,11,55.4,33.6
Madagascar,2015,11.1,55.6,33.3
Madagascar,2016,7.9,57.5,34.6
Malawi,1985,28.1,21.8,50
Malawi,1995,21.9,46.1,31.9
Malawi,2005,16.8,46.1,37.1
Malawi,2010,16.4,51.7,31.9
Malawi,2014,16.2,56.3,27.5
Malawi,2015,16.5,57.1,26.5
Malawi,2016,16.4,58.5,25.1
Malaysia,1985,39.2,40.5,20.3
Malaysia,1995,40.5,46.8,12.7
Malaysia,2005,46.9,44.7,8.4
Malaysia,2010,40.9,48.9,10.2
Malaysia,2014,40.4,50.6,9
Malaysia,2015,39.6,51.8,8.6
Malaysia,2016,40.2,50.9,8.9
Maldives,1985,8.2,81.1,10.7
Maldives,1995,9.8,82.7,7.5
Maldives,2005,13.2,78.1,8.7
Maldives,2010,10.2,83.8,6.1
Maldives,2014,9.4,84.6,6
Maldives,2015,10.3,83.3,6.5
Maldives,2016,11.2,82,6.8
Mali,1985,14.7,49.3,36.1
Mali,1995,18,43.2,38.8
Mali,2005,25.9,39.6,34.4
Mali,2010,25.3,39.7,34.9
Mali,2014,20.8,39.9,39.3
Mali,2015,19.6,40.5,39.9
Mali,2016,19.2,41,39.8
Malta,1985,33.3,62.4,4.4
Malta,1995,28.5,68.7,2.8
Malta,2005,23,74.7,2.2
Malta,2010,19,79.4,1.7
Malta,2014,15.1,83.6,1.3
Malta,2015,14.4,84.3,1.3
Malta,2016,13.8,84.9,1.4
Marshall Islands,1985,12.5,77.7,9.7
Marshall Islands,1995,14,75.6,10.5
Marshall Islands,2005,9.2,81.6,9.2
Marshall Islands,2010,11.6,72.9,15.6
Marshall Islands,2014,10.7,73.4,15.9
Marshall Islands,2015,10.6,75.1,14.3
Marshall Islands,2016,10.7,72.3,17
Mauritania,1985,27,36.9,36.1
Mauritania,1995,24.7,31.6,43.6
Mauritania,2005,32.4,37.9,29.8
Mauritania,2010,40.9,37.8,21.3
Mauritania,2014,35.7,40.5,23.8
Mauritania,2015,28,44.8,27.2
Mauritania,2016,36.1,40.4,23.4
Mauritius,1985,32.2,53.1,14.8
Mauritius,1995,31.3,58.9,9.8
Mauritius,2005,26.6,67.8,5.7
Mauritius,2010,25.3,70.7,4.1
Mauritius,2014,22.3,74,3.7
Mauritius,2015,21.7,74.8,3.5
Mauritius,2016,20.9,75.6,3.5
Mexico,1985,42.6,49,8.4
Mexico,1995,34.1,61.3,4.6
Mexico,2005,34.2,62.6,3.2
Mexico,2010,33.7,62.9,3.4
Mexico,2014,33.2,63.5,3.3
Mexico,2015,31.8,64.8,3.4
Mexico,2016,31.3,65.1,3.6
Micronesia (Fed. States of),1985,7.4,68.1,24.5
Micronesia (Fed. States of),1995,7.2,68,24.9
Micronesia (Fed. States of),2005,5.7,70.2,24.2
Micronesia (Fed. States of),2010,7.8,65.5,26.7
Micronesia (Fed. States of),2014,6.4,67.5,26.1
Micronesia (Fed. States of),2015,6.5,65.8,27.7
Micronesia (Fed. States of),2016,6.9,65.8,27.3
Monaco,1985,12.8,87.2,<function mean at 0x10caa21b8>
Monaco,1995,12.8,87.2,<function mean at 0x10caa21b8>
Monaco,2005,12.2,87.8,<function mean at 0x10caa21b8>
Monaco,2010,12.9,87.1,<function mean at 0x10caa21b8>
Monaco,2014,12.6,87.4,<function mean at 0x10caa21b8>
Monaco,2015,17.6,82.4,<function mean at 0x10caa21b8>
Monaco,2016,18.3,81.7,<function mean at 0x10caa21b8>
Mongolia,1985,32.5,57.6,9.9
Mongolia,1995,33.8,37.7,28.5
Mongolia,2005,37.4,44.8,17.8
Mongolia,2010,37,50,13.1
Mongolia,2014,34.7,50.5,14.7
Mongolia,2015,33.8,51.7,14.5
Mongolia,2016,35.3,51.4,13.3
Montenegro,1995,25.3,62.6,12.1
Montenegro,2005,22.1,67.6,10.3
Montenegro,2010,20.5,70.3,9.2
Montenegro,2014,17.7,72.3,10
Montenegro,2015,17.5,72.6,9.8
Montenegro,2016,19.1,71.8,9
Montserrat,1985,17.7,78.3,4
Montserrat,1995,12.3,82.8,4.9
Montserrat,2005,16.7,82.5,0.9
Montserrat,2010,13.3,85.7,1.1
Montserrat,2014,16,82.5,1.6
Montserrat,2015,12.7,85.9,1.4
Montserrat,2016,12.9,85.4,1.7
Morocco,1985,32.8,49.8,17.4
Morocco,1995,29.6,55.3,15.1
Morocco,2005,28.9,58,13.1
Morocco,2010,28.6,56.9,14.4
Morocco,2014,29.5,57.5,13
Morocco,2015,29.5,56.2,14.3
Morocco,2016,29.5,56.8,13.6
Mozambique,1985,13.2,39.3,47.5
Mozambique,1995,14.4,52.1,33.5
Mozambique,2005,20.7,53.8,25.4
Mozambique,2010,18.6,52.5,28.9
Mozambique,2014,20.2,55.3,24.5
Mozambique,2015,21,54.4,24.6
Mozambique,2016,21.1,54.8,24.1
Myanmar,1985,13.1,38.7,48.2
Myanmar,1995,9.9,30.1,60
Myanmar,2005,17.5,35.8,46.7
Myanmar,2010,26.5,36.7,36.9
Myanmar,2014,34.5,37.7,27.8
Myanmar,2015,34.5,38.8,26.8
Myanmar,2016,34.9,39.8,25.3
Namibia,1985,39.7,52.4,7.9
Namibia,1995,24.2,65.2,10.5
Namibia,2005,27.3,61.3,11.4
Namibia,2010,29.8,61.1,9.2
Namibia,2014,31.1,61.7,7.1
Namibia,2015,30.6,63,6.4
Namibia,2016,30.9,62.3,6.8
Nauru,1985,32.9,61.1,6
Nauru,1995,27.7,65.8,6.4
Nauru,2005,-6.5,98.7,7.8
Nauru,2010,48,47.7,4.3
Nauru,2014,58.8,38,3.2
Nauru,2015,60.5,36.5,3.1
Nauru,2016,58.5,38.3,3.2
Nepal,1985,11.5,39.5,49
Nepal,1995,17.7,43.4,38.9
Nepal,2005,17.1,47.7,35.2
Nepal,2010,15.1,49.5,35.4
Nepal,2014,14.9,52.5,32.6
Nepal,2015,14.8,53.4,31.7
Nepal,2016,14.2,54.2,31.6
Netherlands,1985,33.1,62.9,4.1
Netherlands,1995,27,69.6,3.4
Netherlands,2005,24,74,2
Netherlands,2010,22.1,76,1.9
Netherlands,2014,20.5,77.7,1.8
Netherlands,2015,20.3,77.9,1.8
Netherlands,2016,20,78.2,1.8
Netherlands Antilles [former],1985,20.5,78.4,1.1
Netherlands Antilles [former],1995,18.4,80.7,0.9
Netherlands Antilles [former],2005,15.6,83.7,0.8
Netherlands Antilles [former],2010,15.7,83.7,0.6
New Caledonia,1985,25.9,72.2,1.8
New Caledonia,1995,22,76.2,1.8
New Caledonia,2005,26.6,71.7,1.7
New Caledonia,2010,25.5,73.1,1.4
New Caledonia,2014,26.4,72.2,1.4
New Caledonia,2015,26,72.6,1.4
New Caledonia,2016,26.2,72.4,1.4
New Zealand,1985,34.1,58.5,7.4
New Zealand,1995,27.8,65.3,7
New Zealand,2005,25.8,69.3,4.9
New Zealand,2010,23,69.9,7.1
New Zealand,2014,23.4,71.4,5.2
New Zealand,2015,23.4,71.7,5
New Zealand,2016,23,71.1,6
Nicaragua,1985,33.7,51.4,14.9
Nicaragua,1995,22,55.6,22.4
Nicaragua,2005,22.9,59.3,17.8
Nicaragua,2010,24.2,57,18.7
Nicaragua,2014,27.8,53.7,18.5
Nicaragua,2015,27.2,54.6,18.2
Nicaragua,2016,26.8,55.9,17.3
Niger,1985,20.2,42.8,37
Niger,1995,14.3,49.7,35.9
Niger,2005,11.8,42.7,45.5
Niger,2010,16.7,39.4,43.8
Niger,2014,20.7,40.2,39.2
Niger,2015,19.1,41.8,39.1
Niger,2016,18,40.8,41.1
Nigeria,1985,18.2,58.6,23.2
Nigeria,1995,25.1,47.9,27
Nigeria,2005,23.7,50.7,25.6
Nigeria,2010,25.3,50.8,23.9
Nigeria,2014,24.9,54.8,20.2
Nigeria,2015,20.4,58.8,20.9
Nigeria,2016,18.4,60.4,21.2
Norway,1985,38.3,58.3,3.3
Norway,1995,33.1,63.9,3
Norway,2005,42.5,55.9,1.6
Norway,2010,39.1,59.2,1.8
Norway,2014,38.1,60.3,1.6
Norway,2015,37.7,60.5,1.9
Norway,2016,34.6,62.8,2.6
Oman,1985,63.3,34.4,2.3
Oman,1995,49.7,47.4,2.9
Oman,2005,62.1,36.3,1.6
Oman,2010,62.8,35.9,1.4
Oman,2014,60.2,38.6,1.2
Oman,2015,51.1,47.3,1.5
Oman,2016,58.3,40.4,1.3
Pakistan,1985,16.7,52.8,30.5
Pakistan,1995,17.9,54,28.1
Pakistan,2005,21.2,54.3,24.5
Pakistan,2010,20.6,55.1,24.3
Pakistan,2014,21,54.2,24.9
Pakistan,2015,20,54.9,25.1
Pakistan,2016,19.2,55.6,25.2
Palau,1985,25.4,57.9,16.7
Palau,1995,11.1,80.8,8.1
Palau,2005,16.6,79.1,4.4
Palau,2010,10.7,84.8,4.5
Palau,2014,8.3,87.7,4
Palau,2015,7.8,88.8,3.3
Palau,2016,8.4,88.3,3.4
Panama,1985,22.1,70.6,7.3
Panama,1995,19.8,72.8,7.4
Panama,2005,16.3,76.9,6.8
Panama,2010,20.3,75.8,3.9
Panama,2014,26.6,70.3,3.1
Panama,2015,27.1,70,2.8
Panama,2016,27.9,69.6,2.6
Papua New Guinea,1985,14.4,67,18.6
Papua New Guinea,1995,23,55,22
Papua New Guinea,2005,34,43.3,22.7
Papua New Guinea,2010,33.6,46,20.3
Papua New Guinea,2014,29,51,20
Papua New Guinea,2015,28.2,51.8,20.1
Papua New Guinea,2016,28.1,51.8,20.1
Paraguay,1985,24.2,49.3,26.5
Paraguay,1995,25.7,51.5,22.8
Paraguay,2005,34.8,45.7,19.6
Paraguay,2010,30.1,47.4,22.5
Paraguay,2014,28.8,50.6,20.5
Paraguay,2015,29.6,51.2,19.2
Paraguay,2016,31.6,49.4,19
Peru,1985,33.3,56,10.7
Peru,1995,32.3,58.8,8.9
Peru,2005,37.7,54.7,7.5
Peru,2010,39.1,53.5,7.5
Peru,2014,34.8,57.7,7.5
Peru,2015,32.8,59.4,7.8
Peru,2016,32.5,59.9,7.6
Philippines,1985,38,40.8,21.2
Philippines,1995,35,46.1,18.8
Philippines,2005,33.9,53.5,12.7
Philippines,2010,32.6,55.1,12.3
Philippines,2014,31.4,57.3,11.3
Philippines,2015,30.9,58.8,10.3
Philippines,2016,30.9,59.5,9.7
Poland,1985,51.4,34,14.6
Poland,1995,37.4,57,5.6
Poland,2005,32.8,63.9,3.3
Poland,2010,33.2,63.9,2.9
Poland,2014,33.2,63.9,2.9
Poland,2015,34.1,63.4,2.5
Poland,2016,33.7,63.6,2.7
Portugal,1985,26.8,59.9,13.3
Portugal,1995,28.2,66.4,5.4
Portugal,2005,24.6,72.7,2.6
Portugal,2010,22.6,75.2,2.2
Portugal,2014,21.6,76,2.3
Portugal,2015,22.4,75.3,2.4
Portugal,2016,22.2,75.6,2.2
Puerto Rico,1985,45.3,52.2,2.5
Puerto Rico,1995,47.6,51.4,1
Puerto Rico,2005,47.3,52.1,0.6
Puerto Rico,2010,50.7,48.4,0.8
Puerto Rico,2014,50,49.1,0.8
Puerto Rico,2015,50.5,48.7,0.8
Puerto Rico,2016,50.4,48.8,0.8
Qatar,1985,57.8,41.3,1
Qatar,1995,53,46,1
Qatar,2005,74.6,25.3,0.1
Qatar,2010,67.5,32.4,0.1
Qatar,2014,67.9,32,0.1
Qatar,2015,56.4,43.5,0.2
Qatar,2016,49.7,50.1,0.2
Republic of Korea,1985,37.2,49.7,13
Republic of Korea,1995,39.5,54.6,5.9
Republic of Korea,2005,37.5,59.4,3.1
Republic of Korea,2010,38.3,59.3,2.5
Republic of Korea,2014,38.1,59.6,2.3
Republic of Korea,2015,38.3,59.4,2.3
Republic of Korea,2016,38.6,59.2,2.2
Republic of Moldova,1995,31.3,36.5,32.2
Republic of Moldova,2005,22.3,58.6,19.1
Republic of Moldova,2010,20,65.9,14.1
Republic of Moldova,2014,21.6,63.2,15.1
Republic of Moldova,2015,21.4,64.7,13.9
Republic of Moldova,2016,20.3,65.7,14
Romania,1985,54,30.4,15.5
Romania,1995,38.4,42.5,19.2
Romania,2005,36,54.5,9.5
Romania,2010,41.3,52.4,6.3
Romania,2014,35.6,59,5.3
Romania,2015,33.7,61.6,4.7
Romania,2016,32.4,63.3,4.3
Russian Federation,1995,39.3,53.5,7.2
Russian Federation,2005,38.1,57,5
Russian Federation,2010,34.7,61.4,3.9
Russian Federation,2014,32.1,63.9,4.1
Russian Federation,2015,32.8,62.7,4.6
Russian Federation,2016,32.4,62.8,4.7
Rwanda,1985,15.7,30.5,53.8
Rwanda,1995,12.4,43.1,44.5
Rwanda,2005,13.8,46.9,39.3
Rwanda,2010,15.8,53.9,30.2
Rwanda,2014,18.5,50.6,30.9
Rwanda,2015,18.3,51.6,30.2
Rwanda,2016,17.6,50.8,31.5
Saint Kitts and Nevis,1985,19.1,75.2,5.7
Saint Kitts and Nevis,1995,24,72.6,3.3
Saint Kitts and Nevis,2005,25.4,72.6,1.9
Saint Kitts and Nevis,2010,28.1,70.3,1.6
Saint Kitts and Nevis,2014,27.2,71.4,1.4
Saint Kitts and Nevis,2015,28.1,70.7,1.2
Saint Kitts and Nevis,2016,28,70.9,1.1
Saint Lucia,1985,16,72.1,12
Saint Lucia,1995,16.2,76.3,7.5
Saint Lucia,2005,18.7,77.8,3.5
Saint Lucia,2010,15.5,81.6,2.9
Saint Lucia,2014,12.6,84.7,2.6
Saint Lucia,2015,12.9,84.4,2.7
Saint Lucia,2016,13.5,83.5,3
Saint Vincent & Grenadines,1985,19.6,65.3,15.1
Saint Vincent & Grenadines,1995,20.9,67.9,11.2
Saint Vincent & Grenadines,2005,18.6,75.1,6.2
Saint Vincent & Grenadines,2010,19.2,73.7,7.1
Saint Vincent & Grenadines,2014,17.2,75.1,7.7
Saint Vincent & Grenadines,2015,18,74.7,7.3
Saint Vincent & Grenadines,2016,17.4,74.4,8.2
Samoa,1985,27.3,50.3,22.4
Samoa,1995,27.1,52.7,20.1
Samoa,2005,30.6,57.2,12.3
Samoa,2010,25.8,65.1,9.1
Samoa,2014,25,65.8,9.2
Samoa,2015,24.2,66.6,9.3
Samoa,2016,22.7,66.9,10.4
San Marino,1985,40.9,59,0
San Marino,1995,40.9,59.1,0
San Marino,2005,38.2,61.8,0
San Marino,2010,35.4,64.6,0
San Marino,2014,32.8,67.2,0
San Marino,2015,34.4,65.6,0
San Marino,2016,34.8,65.1,0
Sao Tome and Principe,1985,17.9,54.5,27.6
Sao Tome and Principe,1995,19.6,53.9,26.4
Sao Tome and Principe,2005,14.9,66.8,18.3
Sao Tome and Principe,2010,18.2,70.1,11.8
Sao Tome and Principe,2014,17.3,71.1,11.6
Sao Tome and Principe,2015,14.6,73.2,12.2
Sao Tome and Principe,2016,16.7,71.9,11.5
Saudi Arabia,1985,41.2,55.2,3.6
Saudi Arabia,1995,48.9,45.3,5.9
Saudi Arabia,2005,61.8,35,3.2
Saudi Arabia,2010,58.2,39.1,2.6
Saudi Arabia,2014,57.2,40.6,2.2
Saudi Arabia,2015,45.1,52.2,2.6
Saudi Arabia,2016,43.1,54.2,2.7
Senegal,1985,22.2,59.6,18.1
Senegal,1995,24.7,55.9,19.4
Senegal,2005,23.6,59.6,16.8
Senegal,2010,23.4,59.2,17.5
Senegal,2014,23.9,60.7,15.4
Senegal,2015,23.7,59.4,16.9
Senegal,2016,23.4,59.6,17.1
Serbia,1995,35.5,43.6,20.9
Serbia,2005,29.3,58.7,12
Serbia,2010,28.4,61.4,10.2
Serbia,2014,30.2,60.5,9.3
Serbia,2015,31.4,60.5,8.2
Serbia,2016,31.3,60.8,7.9
Seychelles,1985,9.2,84.1,6.7
Seychelles,1995,13.5,80.6,5.9
Seychelles,2005,19.4,76.8,3.8
Seychelles,2010,16.5,80.8,2.7
Seychelles,2014,14.5,82.6,2.8
Seychelles,2015,14,83.6,2.4
Seychelles,2016,12.6,85.4,2
Sierra Leone,1985,20.4,38.7,41
Sierra Leone,1995,9.1,42.8,48.1
Sierra Leone,2005,11.6,37.4,51
Sierra Leone,2010,8.1,36.7,55.2
Sierra Leone,2014,16.1,30.7,53.3
Sierra Leone,2015,4.7,34.9,60.4
Sierra Leone,2016,5.8,34.3,59.9
Singapore,1985,33.4,65.6,1
Singapore,1995,33.8,66.1,0.2
Singapore,2005,32.4,67.6,0.1
Singapore,2010,27.6,72.3,0
Singapore,2014,25.6,74.4,0
Singapore,2015,26.1,73.8,0
Singapore,2016,26.1,73.8,0
Sint Maarten (Dutch part),2005,16.4,83.3,0.3
Sint Maarten (Dutch part),2010,13.4,86.5,0.1
Sint Maarten (Dutch part),2014,11.6,88.3,0.1
Sint Maarten (Dutch part),2015,9.8,90.1,0.1
Sint Maarten (Dutch part),2016,9.2,90.7,0.1
Slovakia,1995,36.8,57.5,5.6
Slovakia,2005,36.1,60.3,3.6
Slovakia,2010,35.2,62,2.8
Slovakia,2014,34.6,61,4.5
Slovakia,2015,34.5,61.7,3.8
Slovakia,2016,34.8,61.5,3.7
Slovenia,1995,34.7,61,4.3
Slovenia,2005,34.1,63.3,2.6
Slovenia,2010,30.6,67.4,2
Slovenia,2014,32.8,64.8,2.3
Slovenia,2015,32.6,65.1,2.3
Slovenia,2016,32.3,65.5,2.2
Solomon Islands,1985,8.3,41.3,50.4
Solomon Islands,1995,14.4,41,44.7
Solomon Islands,2005,7.5,62.1,30.4
Solomon Islands,2010,13.3,57.9,28.7
Solomon Islands,2014,15.2,58.2,26.6
Solomon Islands,2015,15.3,57.6,27.1
Solomon Islands,2016,15.2,57.9,26.9
Somalia,1985,7.6,26.3,66.1
Somalia,1995,7.3,32.6,60.1
Somalia,2005,7.4,32.6,60.1
Somalia,2010,7.4,32.5,60.2
Somalia,2014,7.4,32.5,60.2
Somalia,2015,7.4,32.5,60.2
Somalia,2016,7.4,32.5,60.2
South Africa,1985,42.8,52.1,5.1
South Africa,1995,33.9,62.4,3.8
South Africa,2005,30.3,67.1,2.7
South Africa,2010,30.2,67.2,2.6
South Africa,2014,29.6,68,2.4
South Africa,2015,29.2,68.5,2.3
South Africa,2016,28.9,68.6,2.4
South Sudan,2010,55.4,39.4,5.1
South Sudan,2014,55.1,40,4.9
South Sudan,2015,43.3,52.8,3.9
South Sudan,2016,39.8,56.1,4.1
Spain,1985,34.9,59.4,5.7
Spain,1995,30.7,65.1,4.2
Spain,2005,30.4,66.5,3
Spain,2010,26,71.4,2.6
Spain,2014,23.2,74.1,2.7
Spain,2015,23.6,73.6,2.8
Spain,2016,23.5,73.8,2.8
Sri Lanka,1985,31.9,45.8,22.3
Sri Lanka,1995,32.8,50.6,16.6
Sri Lanka,2005,31,60.1,8.8
Sri Lanka,2010,29.7,60.9,9.5
Sri Lanka,2014,30.4,61.1,8.6
Sri Lanka,2015,29.5,61.7,8.8
Sri Lanka,2016,29.6,62.2,8.2
State of Palestine,1985,30.7,56.1,13.2
State of Palestine,1995,31.6,55.8,12.6
State of Palestine,2005,25.8,68.3,5.8
State of Palestine,2010,23.3,70.2,6.4
State of Palestine,2014,22.7,72.9,4.4
State of Palestine,2015,21.8,74,4.1
State of Palestine,2016,22.5,73.1,4.4
Sudan,2010,13.9,43.4,42.8
Sudan,2014,21.3,46.6,32.1
Sudan,2015,20.1,47.6,32.4
Sudan,2016,20.8,47.6,31.7
Sudan [former],1985,13.2,50.1,36.7
Sudan [former],1995,9.9,53,37.1
Sudan [former],2005,21.7,43.7,34.5
Sudan [former],2010,22.9,42.5,34.6
Suriname,1985,28.5,62.9,8.6
Suriname,1995,27.5,42.6,29.9
Suriname,2005,37.4,51.3,11.3
Suriname,2010,37.9,51.9,10.2
Suriname,2014,32.7,57.3,10
Suriname,2015,27.9,62.2,9.9
Suriname,2016,31.8,58.4,9.7
Sweden,1985,33.7,61.9,4.5
Sweden,1995,31.3,65.9,2.8
Sweden,2005,29.7,69.2,1.1
Sweden,2010,28.9,69.4,1.6
Sweden,2014,25.7,72.9,1.3
Sweden,2015,24.5,74.2,1.4
Sweden,2016,24.5,74.2,1.3
Switzerland,1985,32.5,65,2.5
Switzerland,1995,30.1,68.4,1.6
Switzerland,2005,27,72.1,0.9
Switzerland,2010,26.6,72.7,0.7
Switzerland,2014,26,73.2,0.7
Switzerland,2015,25.9,73.4,0.7
Switzerland,2016,25.8,73.5,0.7
Syrian Arab Republic,1985,21.9,57.1,21
Syrian Arab Republic,1995,18.1,53.7,28.2
Syrian Arab Republic,2005,31.2,48.5,20.3
Syrian Arab Republic,2010,30.7,49.6,19.7
Syrian Arab Republic,2014,30.2,49.2,20.6
Syrian Arab Republic,2015,30,49.3,20.7
Syrian Arab Republic,2016,30.2,49.3,20.5
TFYR of Macedonia,1995,24.7,62.8,12.5
TFYR of Macedonia,2005,23.7,64.9,11.3
TFYR of Macedonia,2010,24.4,63.9,11.7
TFYR of Macedonia,2014,26.3,62,11.7
TFYR of Macedonia,2015,27.4,61.5,11.1
TFYR of Macedonia,2016,28.4,61.1,10.5
Tajikistan,1995,48.4,20,31.6
Tajikistan,2005,30.7,45.6,23.8
Tajikistan,2010,27.9,50.3,21.8
Tajikistan,2014,25.5,47.6,26.8
Tajikistan,2015,27.5,47.8,24.7
Tajikistan,2016,29.6,47.1,23.3
Thailand,1985,31.8,52.3,15.8
Thailand,1995,37.6,53.3,9.1
Thailand,2005,38.6,52.2,9.2
Thailand,2010,40,49.5,10.5
Thailand,2014,36.9,53,10.1
Thailand,2015,36.4,54.9,8.7
Thailand,2016,35.8,55.8,8.3
Timor-Leste,1995,49.3,30.7,20
Timor-Leste,2005,76.7,16,7.3
Timor-Leste,2010,79.9,15.3,4.8
Timor-Leste,2014,69.8,23.2,7
Timor-Leste,2015,57.8,33.1,9.2
Timor-Leste,2016,69.2,23.8,7
Togo,1985,18.1,52.7,29.2
